m r nnn. MEL. SCRIPTA noootmcn ΕΤ 8781808108. , m

78718888 881181888, 1887188878 80168818 t. tmmuoom topotttb); 81118 18818 80. 4. 7881888 1887188888 8017188878
2. 3. ⁰), 887 881188 1101718818 3. d), 887 8017187718 2. ·) 88887178 8111 1881 18 8888880886 8810887 871 tom 7887871
8887, 880 18 888 08888 mutantur ‘); 81118 18818 primo mutationem 8181887 ; ⁸) permultis 7888 18818 88887 7881878
notionem, ’.8888 887 8 88118 ¹²), 887 tontum 8818881177 8888887188 80177. ¹) 8887871788.

2 8)881881,8818880. 4. 8887887878 887, 880 domum 8888. 80177, sunta l. 11. 58. 70. 76. 93. 95.
8810711118011881, 881871. 4.. 78818 18871888 8787188177 2. 887 8017188878 2. 7. notem, 8888 nn l.
. congruit, 8887 111, 72. lV, 3. 4. 6. ,
8) 17881, 881 80. 4. eandem 7881888 1887188888 8880177. 2. 3. 88887, snpra 888 Δ, 8. 811871 8887

0) Loci, 881888 80. 4. 881188 801718818 3. 7881888 tectionem 81181887, 8887 11, 39. 111, 7. 49. 78. et
1111, 8888 supro 888 Β, 8. memoravi.

8) 17881, qno-{enfil 1171ὼ4,8 {octono proximae 8017188188 8. 88818878, vortam toottonom Edtttontn 2. repetit.
78788788 , . .

1)Ι.881, 881, 18 80. 3. tam 7887871, 18 80. 4. 08888 7887871 888718788188788 11, 47. 111, 40. 67.

g) 41888818181718888 687ς1).ἳ4. primo 7881888 1887188878 8181887 ,“ 8888 18 8888. 4 871177. 8887871778, nunt 11,.

8) Permulta 18818 8888 80. 4. 8888118888 88887 7881878 1887188888, 888818 null. 8118 Ed. ropetitur.
1181888880188871, 16. 23 8178. 31. 44. 47. 54-56. 68. 73. 80. 94. 99. ΙΙ. 8. 8. 18. 24. 34.
35. 73 8178. 77. 85. 92. 98. 99 8178. 100. 111, 2. 12. 16. 23-29. 37. 40. 42. 44. 53. 01.
165--67. 69. 82. 89. 90. 95. W, 1. 5.

1) 1788881118 1881818868, 8888 primo 18 En 4. 08788, 18 singulto 8888886888 8017188878 reponitur.
· Eiusmodi 88871, 96., 8888 otiam 1880177. 5. 71881788, 11, 58.. 111, 57.,’8888 18 80177. 6. 8.
roporiuntur, Ι, 83, 888818 881880. 7. reponitur, 1, 51. 11, 32, 8888 18881880. 8. 1788888 teguntur.

Nullo 8118 80. 7881878 tom 8781788 88887 8888118888 tentiones 88878 hooc Ed. 43 888788188188718888,
qnos Ed. 2. (7881878 1.) 881788 8181887, maximo 81 porto 18 8888. 80177. 8888788788. Quapropter 8888 80. 8881
1540. 4⁰ inter 1101718888 988881888088778818878 880878 inno 8818881888 180188, 888 801718 nt 88811540. 4⁰
18788 8017188788 1871888 0881. variatae-primario 88888788, eamque 88 cannam inprimis digna 887, 88188 781788 8818
mo· 1171171881 8888881888 41881. 78818788888188718888878 817 -·- Proetum 81 11118, 8888 0818871881888 utriusque
8017187718 nont 1540. 0111, 1788881 18018188, 8017188878 8878888 tommo 80171881 8887888188 7887888 muto·

88187188 affirmator.

1). De 8711718778 5. (88718784.)

11888 80. 8818880888 18818, 881 in 878 4. 811878 8887871- anot, -onndom 1887188878 81181887 88 878 1.·),
8111818818 788188 tentiones Editiontn 2. ¹³) 887 801718818 9. ⁰) 887 8017188888 2. 3. ιι) 887 8017188888 2. 3. 4. ·),
antonionum 3. 4. 4) 887 881188 80171ουί8 4. 7) 88887177 8111818818 7881878 1887188888 primo 1) 887 variam 188718-
8887 878818 18871888 praecedentium 80177. 0178888881) 8888887, 8888 88711 nullo 8118888881788, 88718 888781 duobus
781 781888 sequentibus 80177. 8888717888 0881888 8880 paucos 8888888 typographica 88871887. Ιι)

8) Loci, 881 8888 80. 5. 8887871888 1887188888 888888088718 80.. uod 1887188878801718818 1. 88887,
(78ωῶ ἑῄέω ‘tn-affl 8118738877. 2. 3. ropetitur, 8887111, 62. 87. (Ed. 5. = ltntto 1. 3.). III, 6.

. · 8) Loci, 881 80. 5. 8880878 88887 7881878 lectionem 88 80. 2., 88871, 90. ΠΙ, 72. W, 6.
8) Loci, 8818788 80. 5. 78818871887188878.801718818 3; 880017, 8887 Π, 60. 111, 67.
0) Loci, 881188718801718818 5. cum 78818188718888017188888 2. 3. congruit, 18788188788 11, 1. 8. 111, 3.

8) ἃ171111788788081881, 881888 vorin 18871880. 5. 8878 tectione 8017188887 2-4, consentit, 88888 80 Δ. b.
8 888.

1) loono, qno 80. 5. 7871888 1887188888 8017188888 3. 4. repetit, 887111, 78.
, 8718881. quibus 881188 Ed. 4. 78818 188718 18 80. 5. repetita 887, 8887 1, 96. 11, 47.
8) noo, 881888 871. nortmannos 18868888 81181887, quoe· nolano 80. repetuntur. 8871 81 po

8.

 

