Pffll. MEL. SCRIPTA DOGMATIGA ΕΤ SYMBOLlCA. 111

1111111. 111111. 13111 111 1111111111 011111011111 1111011111 1111111111 011111111111111 ’1111111111 011111.
111, 1111 11101111111110111111111, 0111111111 11111011111111111 11111 1111111 111 111111110111111111111.
01111111. 1819 1111. 1. 11111111. 0111. 111111 3141111. 80.

11. 01111111 1111 1111111111111 01111111111111 111 0111111111 11111 1111111111. 11111111, 111111111111111111
01111. 1819. vl 11118 pagg. 8⁰ min.

1. 1. 1. 1111 1111 11111111111111 0111111111 11111 11111 0111111111, 111111 3111111 1111 11111 1111111111. Sena,

. 111101111111111111111. 1819. vlu 11 80 pagg. 8⁰.

11. 10. w. 11111111 11111111 0111111111 111 01111111111111 0111111111, 1111 1111111 1111111 11111111 verm·
111110111111111111111111111011111111111111111111. 01111111, 111 111. 11. 0111111. 1819. vlet 64
10080· 3⁰·

1111. 111111. 01111 11111111111111111 111 111 0111111111 111 111111111111110111111111. 111111 111111 01111111,
111 1111111111101111111111111111111. 1111111111. 1819. 1110111111110111111111111111111. Vl et 107 pagg. 8⁰.

11. 3. (1.1111111111111 01111111111111111111111101111111111111111111111 111 1111111111 111 1111 0111111·
111111 1111111111 111 15. 1111 1530. 11111111, 111 0101111111. 1830. 401111. 8⁰.

0111111111. «011111 1111 11111 1111 1111111 31111111111111111111111111111111111111111 0111111111. - 111111 111
0111111111 111 1111111111 111 0111111111 111111. 0111111111 18301110. 0. 1111111111. 1111113581111. 80.,

01111. 11111. zober: 01111111 111 011111111111110111111111. 0111111111 11 11111111. 0. 0111111111, 110111·
11111111 111 0. 0. 01111111 1111111111. 1830. vm 11117 pagg. 80.

1111011111. 111111 011011111111 111 01111111111111 01111111011111111111111 1111111 1530. 6111111.Ι
110, 11101. 1111. 111111 1830. 161111. 8⁰.

11111. 10111. 01111111111111101111111111 11 111 0111111111 111 111111111111111 0111111111. 01111111, 111
10111111 111011111111111 1111111111. 1830. 161 pagg. 80. .’ ·

11. Q. 0111111111 mer 0111111111 11 1111111111 11131111 1530. 011111 bem 011111111111111111111 111 1111·
1111111111 11111. 1111111. 111. 01. 01111. 1830. 11101111081111. 8⁰.

01111 11111 1111111111 1111111 11111111 1111 0111111111 1110111111111 111 1111111111 1530 1111 1110111111111
11111 0111111111. 0111111111.11111011111111101111111830. 1441111. 160. .

10. 11. 1011111111 31101111 111 11111111 011111111111111111111011111111111111111 011111111111111
0111111111 111 1111 0111111111 11 1111111111 111 15. ,111111 1530. 1111111111, 1830.· 1111111111ιο11111111.

1941111. 8⁰.

Ex illa brevi comitiorum Augustanonim historia elucet, ad confessionis Augustam originem progres-
sumque plene demonstrandum, non 11111111 111101111111111111 ipsam [111111111111111110111111111530.
1111111111, eiusque 1111111ςί111, qualis 1Μ1111111111 111531.ι 111111 ‘Stbhfssffiagmffl’ciffl άὶξιιξρξξῐίᾝ
1111111111ἑῦἓίἱῖἕέ 111111111111111111. n. 111... ...mm '

 

