111Ἰ

1111. 111. scum 1111111111 11 1111111111,

118

111 111 0111111111 011 maten 11100 110 11111 01111181) 11011111) 110 0101110110) 911011 1111001111)
00111181) 110 0) 89111111111 111011), 0101101911 11100 110 1111119 010111, 010 et 0110110 111111 gulfi, 0111110111

011111 0111101011
1010111011, 01181) 01110 0001111110 1111 010
1011111) 1119110111 1111011111911011, 11011) get
1011111011) 0111110) 10111011 wigen, 11 1111101111)
1001111911 0110 011 01111011 9111111011) 11111111 1011
1011110, Db 011 mat 1110, 110 1111 (111111), 1110111111)
311 0111110 11111 few) 01011 3111111 111 11101011

011101 111 010 1111113011 bem 110111 0111111101
11101 1111) 11111010 91111οε1 0111111111οε1 11118) eta Ι

11011019, 9110 1111101, Ed. 0. 1101. 0111011111, 1111100
0111110 1101 111 111111 111, 0111111111 0111 1110111110 1011
1101100 0110 11111) Ed. 010010111011111111, 1011 1110 011
met 11 1111 1111111 ,011111 11111011 110111 110, 1011110111
111111111111111 1ἔ1111110311111.111ξ
01) quob 1111190111. 001. 11011011 [11 vu 110 011

1010111111, 111111101ἰο 1111 nonen 11111010111111011112) mour 1111111111)

1111111111 1111111111) ’
111111 Jonas
Philippus Melanchthon¹⁰⁶)

11101110 111111οε1

Stephanus agricola
loannes Brentius¹⁰⁶)

1111111 01111111 adius 11101)
Hulddchus Zuingfius

Martinus Bucemswfl)

011111 1111111101)

11101011111111111, 0111111 11111 01111 1110111 1101111 010 99Π11Μῑδῑῗῦων] Ed. 0· 1110 11111111οΕΗ [mo “W‘'

1101110011, 1110 ethnae.
00) 011111] Ed. M„ 111 W„ 111. T„ 111. Β. 31111

01) 1111111111 110111 0111111111- 01111 01111 111111] 1110.
011111110111 [annuunt-blato 001111 110,

11) neten] 11. 1. 111111

00) 111111 1110111οε10111111 010111, meo 11110111 011
⁹0) 1111 011 11111] Ed. 0. (0111011 10111)

01) 1111111110111. 0. 1111011010

01) {ge-mmm -911101111113 11111 0111 01111111 111

100) 01011111) Ed. W. 011 011011 111111,

101) metati& 011 1111101011] 111. 0. 0101 11111 0111 111111οι

. 101) 011110111111111010.]11 Β. 0011110111 11111110, 0. ¹

103) 0. 101111 11111.) Ed. 0. 0. 011111.

101) 0111111111 1111011] Ed. W. 1111111111 1111011 1111 [11110-

105) 11ῗῖ1181ιὲ11111111111111 Molanehthon] Ed. B. 0101110011 ssa
1110111. 311111 Sanno. '

106) Stephanus 10111111111111131111111) 11113. 3111111 181111

0031911100] Ed. Μ, μω, &hum m Β, &¹¹¹³ agnum „nb 1111. 6110111111 19111111

04) zzsthgnbl Ed. 0. 0111. 1110
01) 1001111),1.] Ed. 0. 00111111.

00) vno, Db 011 1111 - 11111 [cml 111. R 111 (ὓο 011 1111 -

1111111)
01) 1110110111. 0. 111011
01) 0111111 110011 tan] 111 Β. 1111111 11111 1110011 111,

. 101) 11. [i. 1. subscripsit] 11 Ed. Τ. 1111131111.

108) Stephanus agricola — Martinus 8111111] m 0. 3101111110
1111111110 0111011111 aaaron 01101110 30111911 31011111
&columnatus 1111111111 vum

100) Sub 1111111111 11111. Ο. addita 1111 haee„- 11111 011111
11011111 11101 1111111111 01111, 11110111101110, 1111 11111

11111 011011 0111001011. - De 1111111011 subscriptis 1111.
mederer l. l. tv. 11117 sq.

11111. 011111111111110111111111111,1111111110111.1111111111111110111111 11111111 1110111, 11111. 11111111
qno 11 11111111 3111111111111 11111111, 1. 107 sq. 1111 ”) 1111110101.

 

